ten = [1 2; 3 4]
ten(:,:,2) = [5 6; 7 8]